0
0
0.166667
0.5
0.666667
0.833333
1.16667
1.33333
1.5
1.58611
1.66667 
1.83333 
2
2.16667 
2.33333 
2.5
2.66667 
2.66667 
3
3
3.33333 
3.5
3.66667 
3.66667 
4
4
4.33333 
4.33333 
4.66667 
4.83333 
5
5
5.33333 
5.33333 
5.66667 
5.66667 
6
6.16667 
6.33333 
6.33333 
6.66667 
6.66667 
7
7
7.16667 
7.33333 
7.5
7.66667 
7.66667 
8
8 
8.33333 
8.33333 
8.66667 
8.83333 
9
9
9.33333 
9.33333 
9.66667 
9.66667 
10.1667 
10.1667 
10.5
10.6667 
10.6667 
11
11
11.3333 
11.5
11.6667 
11.6667 
12
12.1667 
12.2528 
12.3333 
12.4194 
12.5 
12.5861 
12.6667 
12.7528 
12.8333 
12.9194 
13
13.0861 
13.1667 
13.3333 
13.3333 
13.3333 
13.5
13.6667 
13.6667 
13.8333 
14
14.3333 
14.3333 
14.3333 
14.5
14.6667 
14.6667 
14.8333 
15
15.3333 
15.3333 
15.3333 
15.5
15.6667 
15.6667 
15.8333 
16
16.1667 
16.3333 
16.5
16.6667 
16.7528 
16.8333 
16.9194 
17
17.0861 
17.1667 
17.2528 
17.3333 
17.3333 