0.063
0.325
0.626
0.932
1.236
1.433
1.438
1.445
1.528
1.640
1.705
1.720
1.801
1.904
1.996
2.001
2.104
2.381
2.383
2.671
2.672
2.684
2.856
2.898
2.984
3.163
3.244
3.250
3.256
3.430
3.431
3.536
3.540
3.543
3.750
3.829
3.832
3.833
3.835
4.007
4.021
4.109
4.111
4.114
4.302
4.320
4.405
4.407
4.411
4.595
4.607
4.701
4.703
4.704
4.881
4.994
4.996
4.998
5.007
5.196
5.210
5.283
5.293
5.296
5.486
5.519
5.588
5.588
5.590
5.785
5.788
5.877
5.877
5.879
6.066
6.126
6.171
6.171
6.171
6.343
6.351
6.453
6.466
6.467
6.642
6.665
6.750
6.750
6.751
6.927
6.940
7.029
7.036
7.040
7.220
7.329
7.329
7.330
7.332
7.515
7.516
7.623
7.638
7.644
7.830
7.833
7.884
7.935
7.939
8.110
8.110
8.114
8.213
8.217
8.219
8.413
8.418
8.490
8.508
8.511
8.687
8.692
8.797
8.804
8.807
8.992
9.011
9.088
9.090
9.092
9.284
9.287
9.288
9.374
9.383
9.389
9.641
9.679
9.683
9.856
9.862
9.959
9.972
9.975
10.153
10.165
10.231
10.258
10.262
10.448
10.449
10.452
10.555
10.557
10.561
10.639
10.739
10.743
10.793
10.820
10.822
10.909
11.008
11.015
11.066
11.095
11.216
11.272
11.377
11.517
11.629
11.629
11.630
11.918
11.946
12.105
12.222
12.424
12.526
12.527
12.716
12.718
12.817
12.819
12.992
13.105
13.106
13.295
13.301
13.409
13.576
13.580
13.686
13.687
13.876
13.877
13.877
13.975
13.977
14.168
14.266
14.268
14.436
14.470
14.554
14.568
14.758
14.759
14.852
14.853
15.034
15.040
15.153
15.155
15.331
15.429
15.429
15.430
15.623
15.639
15.720
15.755
15.918
15.920
16.017
16.017
16.198
16.212
16.322
16.324
16.615
16.615
16.619
16.801
16.912
16.920
17.128
17.201
17.203
17.417
17.493
17.494
17.688
17.777
17.790
17.978
18.080
18.081
18.263
18.363
18.365
18.563
18.664
18.667
18.858
18.975
18.977
19.079
19.149
19.254
19.338
19.427
19.515
19.613
19.729
19.731
19.812
19.850