2
3
2
3
2
3
2
5
2
2
2
6
2
2
2
6
2
1
9
9
2
1
9
3
9
1
2
4
9
2
9
1
9
3
9
1
2
4
9
9
2
3
1
9
9
1
4
2
9
9
2
1
3
9
9
2
4
9
1
9
2
3
1
9
9
1
2
4
9
2
9
1
3
9
9
1
2
4
9
2
9
3
9
1
9
1
9
2
4
9
2
3
1
9
9
2
1
4
9
2
9
3
9
1
1
9
4
2
9
2
1
9
1
3
9
1
9
4
2
9
2
9
1
9
3
9
1
4
2
9
2
1
9
3
1
9
4
2
9
9
2
3
9
1
9
1
4
2
9
2
3
9
2
1
9
2
2
9
4
5
2
2
6
2
3
2
2
2
2
1
1
8
3
4
2
2
3
1
2
3
1
2
1
3
1
2
4
2
4
3
1
3
2
3
2
1
3
1
4
3
2
3
2
3
1
3
3
1
2
3
2
3
1
3
3
2
1
3
2
3
1
3
1
3
3
2
3
2
1
4
4
2
1
2
4
1
1
2
4
2
1
4
1
2
4
2
1
4
1
4
2
2
1
4
2
2
4
2
2
2
2
2
2
6
1
3
2
2